3
15 9 9 21

-86 93 -90 -27 70 -77 6 14 70 
80 -36 89 -19 -98 17 56 -63 79 
82 39 2 -90 94 -64 -74 -83 -64 
-68 -94 33 -82 -95 72 -99 -24 95 
62 93 95 26 -76 -63 24 -83 61 
13 3 -99 43 -32 -68 -53 91 -70 
9 -85 -17 -41 22 -10 -89 2 -91 
-13 87 -44 -64 -18 57 84 -47 81 
-1 90 -44 -31 -49 -4 -38 78 78 
-10 86 -39 -71 42 -64 -41 -90 95 
40 15 -59 -74 -65 -68 98 -16 96 
-66 62 -90 -100 78 71 -13 -94 74 
-83 -18 1 -11 2 97 48 98 -83 
-97 40 25 72 -24 37 79 65 -35 
68 -4 81 27 36 -1 1 89 -99 

-24 -39 -71 -9 45 -20 54 -28 57 -45 -34 5 -50 50 -92 -31 3 27 95 24 93 
-95 34 63 -85 29 -40 69 15 -48 83 98 91 -65 76 21 -86 21 56 14 20 -19 
4 41 10 33 -13 -17 78 -62 36 5 -23 -80 9 -59 98 -24 18 -70 -78 15 -3 
17 28 -76 -40 -71 67 -10 -80 -46 25 12 -47 -52 90 76 -7 -70 60 34 -55 -17 
-93 -70 50 -66 -27 -51 64 -24 43 -1 -25 63 27 78 70 52 62 -56 55 -43 92 
-62 70 53 19 17 -55 -19 -76 8 -49 -26 76 48 -94 85 -47 64 5 57 89 0 
-35 50 -53 48 100 0 36 -62 76 -1 -84 -11 -84 -48 -96 -82 -67 82 99 22 3 
-63 37 -51 38 16 61 85 76 -61 71 -51 68 24 -51 5 -14 -50 -88 -8 -51 -55 
-15 -22 60 83 91 -91 -57 -41 -27 -43 -46 66 84 45 47 49 45 51 4 6 -36 

6 27 27 17

-4 62 -91 4 -28 -60 90 -71 55 -76 -44 -94 -49 34 39 4 67 -69 -30 92 62 15 -39 -36 66 -55 63 
-60 50 29 93 33 47 31 88 -18 -22 61 82 -88 77 75 -42 -97 -63 -84 -47 -29 75 72 -2 39 83 22 
-19 80 -57 23 55 -33 61 55 57 51 -65 -88 41 23 -36 -24 -7 81 91 51 -82 -18 -90 1 35 -42 -68 
-97 27 15 59 -19 -30 -75 19 26 -32 97 77 -18 91 39 -58 100 9 -35 56 -14 92 43 56 95 54 -12 
-76 -9 -76 -17 -35 18 -3 90 -6 -37 14 12 28 -97 -95 -71 17 72 -14 -15 -46 -81 -84 -82 31 -50 -13 
50 -94 92 -72 -24 -10 100 -56 -71 86 36 74 65 89 -22 3 -19 -57 -80 64 28 -41 35 27 -80 71 89 

-99 -29 -78 -91 -15 -99 58 96 49 24 97 -87 31 -82 0 -22 -81 
-78 -73 -37 5 73 -67 -87 -23 61 6 -100 -95 -99 -32 -58 93 -70 
-87 53 -81 -30 -90 20 37 -92 72 -81 4 65 -79 95 -53 65 90 
88 19 31 49 -78 14 39 -18 15 -51 64 -100 49 -20 96 9 -94 
-97 -7 -87 -35 72 -8 59 -41 -1 41 -22 -12 39 -35 100 20 -52 
50 91 -15 70 -35 57 7 39 21 -84 84 -66 -49 -48 98 91 -60 
-91 -74 -81 87 -97 -57 54 47 -29 -35 61 11 33 -91 -10 93 64 
-39 -91 87 -21 70 -63 -7 8 -13 98 -81 -53 -57 39 72 37 -43 
-83 70 -89 -89 -19 91 -28 -58 -5 -28 61 -29 19 -27 59 -43 67 
-30 13 24 -6 20 14 30 68 37 3 79 16 -48 -73 86 17 92 
16 -35 66 -27 -49 -9 -83 -57 -77 49 78 -32 74 23 -46 51 -65 
16 -12 -5 57 -61 61 36 -10 -82 -71 -88 -82 -52 11 -53 92 -61 
-93 -66 57 55 -15 -50 24 68 37 87 34 -88 0 7 -23 -69 9 
50 -81 92 95 -12 -9 93 8 47 73 -73 20 9 60 32 68 76 
92 -94 48 -100 69 27 -85 83 46 80 -1 84 -31 -27 18 87 11 
55 23 -65 97 41 -29 29 -93 -95 21 -84 12 17 54 -93 -10 -84 
-65 -12 -14 82 -53 13 17 -45 -53 -83 -53 -79 51 72 -99 -22 86 
70 29 28 17 93 -69 -88 32 59 -36 -8 -22 -34 96 -65 -74 -97 
-100 46 76 -100 -65 25 44 -68 70 19 -32 37 -67 -49 -33 15 45 
-93 97 77 -62 36 96 -72 65 -17 42 37 -67 4 98 -97 -72 -7 
-77 96 -65 25 -68 -4 84 -60 74 -25 -27 32 -83 22 16 -42 -8 
-28 -99 -18 -43 77 -37 80 -77 18 -18 -89 -52 -79 44 -78 27 7 
40 39 -80 -97 -99 95 -51 -28 12 50 37 -59 -4 -13 -2 61 -70 
88 -15 -57 90 -68 -30 97 -72 -53 -9 -61 -55 91 20 38 27 3 
23 34 -83 -49 -43 -91 -29 -32 22 -6 71 -62 -4 36 21 -34 -54 
24 81 79 29 13 32 57 87 -22 -28 -48 -29 98 67 36 -30 -63 
-80 -28 7 -96 -42 -48 8 -92 -88 -53 -32 90 -66 -55 -32 -49 -88 

8 12 12 11

-47 92 -46 47 -60 -8 -92 41 99 -76 4 7 
-76 -88 -24 30 16 2 -57 -84 5 -18 44 -85 
-27 80 91 -22 28 37 -20 23 61 36 -83 -85 
-40 1 13 -1 38 -72 -76 24 7 24 21 -40 
-1 6 -62 85 16 -13 -47 76 -89 4 87 -75 
19 86 -3 -16 83 -19 -98 -68 -45 55 82 -35 
37 -22 -73 -83 72 -43 8 97 -8 46 -40 -15 
-97 82 -79 -94 90 85 -81 8 11 72 -66 40 

-18 -77 -73 29 44 -85 47 29 30 50 57 
20 -65 83 85 83 -50 -45 -42 -78 -87 79 
-78 61 100 -94 -1 -93 -11 -35 -84 -2 -81 
31 68 -65 14 98 -84 -38 20 -28 -7 14 
49 3 -51 81 9 -80 9 -71 -93 74 19 
-5 -6 -66 65 19 -62 1 71 -36 81 -59 
-94 -35 34 -59 -59 -92 90 -100 -11 100 -65 
0 -86 -29 -31 -71 32 -51 9 52 65 -98 
-81 -25 -14 -72 -6 46 -13 86 42 76 29 
19 -93 14 48 -1 54 87 -27 54 -86 3 
15 -92 -38 100 93 -64 72 -35 25 16 -93 
17 -21 23 8 76 -30 -62 -73 5 33 42 

